387
388
389
390
391
392
393
394
395
396
397
398
399
400
401
402
403
404
405
406
407
408
409
410
411
412
412_1
412_2
413
413_1
413_2
414
415
415_1
416
417
418
419
420
421
422
422_1
423
423_1
424
425
426
427
428
429
430
431
432
433
434
435
436
437
438
439
440
441
442
443
444
445
446
447
448
449
449_1
450
450_1
451
452
453
454
455
456
457
458
459
460
461
462
463
464
465
466
467
468
469
470
471
472
473
474
475
476
477
478
479
479_1
479_2
479_3
479_4
479_5
480
481
482
483
484
485
486
487
487_1
488
489
490
491
492
492_1
493
493_1
493_10
493_11
493_12
493_13
493_14
493_15
493_16
493_17
493_2
493_3
493_4
493_5
493_6
493_7
493_8
493_9
